image: fibo_f2.pgm
resolution: 0.030000
origin: [-14.848749, -31.137356, 0.0000000]

negate: 0
occupied_thresh: 0.65
free_thresh: 0.196

