image: fibo_f2_01.pgm
resolution: 0.050000
origin: [-27.413712, -25.928375, 0.000000]
negate: 0
occupied_thresh: 0.65
free_thresh: 0.196

