image: fibo_f5.pgm
resolution: 0.030000
origin: [-7.935638, -17.566789, 0.000000]
negate: 0
occupied_thresh: 0.65
free_thresh: 0.196

