image: fibo_f4.pgm
resolution: 0.030000
origin: [-6.862535, -15.750804, 0.000000]
negate: 0
occupied_thresh: 0.65
free_thresh: 0.196

